0 
0 Name: New Model.ldr
0 Author: 
0 !LEOCAD GROUP BEGIN Minifig #1
1 4 0 -96.08 0 1 0 0 0 1 0 0 0 1 2528p30.dat
1 14 0 -96.08 0 1 0 0 0 1 0 0 0 1 3626bp47.dat
1 7 0 -74 0 1 0 0 0 1 0 0 0 1 2526.dat
1 1 0 -72 0 1 0 0 0 1 0 0 0 1 973p36.dat
1 0 0 -40 0 1 0 0 0 1 0 0 0 1 3815.dat
1 4 15.552 -63.12 0 0.985435 0.170055 0 -0.170055 0.985435 0 0 0 1 3819.dat
1 4 -15.552 -63.12 0 0.985435 -0.170055 0 0.170055 0.985435 0 0 0 1 3818.dat
1 14 23.7102 -45.247 -10 -0.322503 -0.9389 -0.120247 -0.646224 0.311213 -0.696808 -0.691655 0.147016 0.707107 2531.dat
1 14 -23.7102 -45.247 -10 0.985435 -0.120247 0.120247 0.170055 0.696808 -0.696808 0 0.707107 0.707107 3820.dat
1 0 0 -28 0 1 0 0 0 1 0 0 0 1 3817.dat
1 0 0 -28 0 1 0 0 0 1 0 0 0 1 2532.dat
0 !LEOCAD GROUP END
